GAMMA 
S11   
TYPE 3
SYMB 201.
END
0.0 0.0  
    0.0050   24.0797   -5.1722  -35.7218    0.0449    0.0000    0.0000
    0.0100   26.7229   -6.0623  -40.4126    0.0288    0.0000    0.0000
    0.0150   30.2008   -5.9609  -43.9215    0.0216    0.0000    0.0000
    0.0200   33.5786   -5.8924  -47.2894    0.0266    0.0000    0.0000
    0.0250   36.8259   -5.8117  -50.5357    0.0389    0.0000    0.0000
    0.0300   39.9451   -5.7078  -53.6734    0.0445    0.0000    0.0000
    0.0350   42.9630   -5.6122  -56.6982    0.0667    0.0000    0.0000
    0.0400   45.8661   -5.5144  -59.6094    0.0962    0.0000    0.0000
    0.0450   48.6686   -5.4017  -62.4305    0.1148    0.0000    0.0000
    0.0500   51.3767   -5.2756  -65.1682    0.1306    0.0000    0.0000
    0.0550   53.9976   -5.1423  -67.8235    0.1589    0.0000    0.0000
    0.0600   56.5292   -4.9912  -70.4059    0.1940    0.0000    0.0000
    0.0650   58.9777   -4.8235  -72.9207    0.2126    0.0000    0.0000
    0.0700   61.3588   -4.6654  -75.3579    0.2170    0.0000    0.0000
    0.0750   63.6666   -4.4963  -77.7321    0.2064    0.0000    0.0000
    0.0800   65.9032   -4.3121  -80.0485    0.1848    0.0000    0.0000
    0.0850   68.0710   -4.1159  -82.3074    0.1640    0.0000    0.0000
    0.0900   70.1890   -3.9435  -84.4927    0.1441    0.0000    0.0000
    0.0950   72.2550   -3.7772  -86.6188    0.1220    0.0000    0.0000
    0.1000   74.2595   -3.6028  -88.6914    0.0694    0.0000    0.0000
    0.1050   76.2031   -3.4198  -90.7130    0.0325    0.0000    0.0000
    0.1100   78.0051   -3.3423  -92.7980    0.0097    0.0000    0.0000
    0.1151   79.8675   -3.1529  -94.7142    0.0102    0.0000    0.0000
    0.1201   81.7030   -2.9272  -96.5513    0.0162    0.0000    0.0000
    0.1251   83.4794   -2.7153  -98.3508    0.0243    0.0000    0.0000
    0.1301   85.1921   -2.5325 -100.1280    0.0479    0.0000    0.0000
    0.1351   86.9182   -2.2798 -101.7886    0.0521    0.0000    0.0000
    0.1400   88.5931   -2.0495 -103.4068    0.0414    0.0000    0.0000
    0.1499   91.7695   -1.7264 -106.5887    0.0268    0.0000    0.0000
    0.1549   93.2887   -1.5993 -108.1416    0.0582    0.0000    0.0000
    0.1598   94.7712   -1.4689 -109.6678    0.0938    0.0000    0.0000
    0.1648   96.2085   -1.3240 -111.1715    0.1217    0.0000    0.0000
    0.1697   97.5856   -1.1352 -112.6682    0.1483    0.0000    0.0000
    0.1747   98.9657   -0.8682 -114.0820    0.1699    0.0000    0.0000
    0.1796  100.3230   -0.5841 -115.4431    0.1861    0.0000    0.0000
    0.1845  101.6430   -0.2989 -116.7745    0.1939    0.0000    0.0000
    0.1893  102.9426   -0.0049 -118.0568    0.1941    0.0000    0.0000
    0.1942  104.2042    0.2840 -119.3128    0.1721    0.0000    0.0000
    0.1990  105.4333    0.5452 -120.5380    0.1501    0.0000    0.0000
    0.2038  106.6189    0.7741 -121.7520    0.1229    0.0000    0.0000
    0.2086  107.7535    0.9782 -122.9711    0.0936    0.0000    0.0000
    0.2134  108.8561    1.1790 -124.1819    0.0571    0.0000    0.0000
    0.2181  109.9989    1.4402 -125.3035    0.0158    0.0000    0.0000
    0.2229  111.1267    1.6682 -126.3904   -0.0340    0.0000    0.0000
    0.2276  112.2187    1.8831 -127.4667   -0.0979    0.0000    0.0000
    0.2323  113.2573    2.0579 -128.5600   -0.1600    0.0000    0.0000
    0.2370  114.2390    2.2584 -129.6699   -0.2187    0.0000    0.0000
    0.2418  115.1947    2.4715 -130.7742   -0.2602    0.0000    0.0000
    0.2465  116.1493    2.6389 -131.8408   -0.2682    0.0000    0.0000
    0.2512  117.1001    2.7795 -132.8819   -0.2510    0.0000    0.0000
    0.2559  118.0454    2.9080 -133.9059   -0.2343    0.0000    0.0000
    0.2607  118.9790    3.0244 -134.9129   -0.2087    0.0000    0.0000
    0.2655  119.7666    3.0158 -136.0571   -0.1816    0.0000    0.0000
    0.2703  120.5072    2.9995 -137.2307   -0.1732    0.0000    0.0000
    0.2752  121.4098    3.1539 -138.2028   -0.1374    0.0000    0.0000
    0.2801  122.3215    3.3029 -139.1321   -0.0948    0.0000    0.0000
    0.2898  124.0828    3.4996 -140.9757    0.0000    0.0000    0.0000
    0.2946  124.9508    3.5688 -141.8731    0.0373    0.0000    0.0000
    0.2995  125.7820    3.6788 -142.7793    0.0835    0.0000    0.0000
    0.3044  126.5765    3.8339 -143.6984    0.1253    0.0000    0.0000
    0.3092  127.3442    4.0205 -144.6252    0.1564    0.0000    0.0000
    0.3141  128.1020    4.1970 -145.5370    0.1834    0.0000    0.0000
    0.3190  128.8526    4.3566 -146.4290    0.2038    0.0000    0.0000
    0.3239  129.5844    4.5249 -147.3146    0.2071    0.0000    0.0000
    0.3288  130.2954    4.7128 -148.2023    0.1991    0.0000    0.0000
    0.3337  130.9641    4.8532 -149.1085    0.2064    0.0000    0.0000
    0.3387  131.6734    5.0274 -149.9491    0.2118    0.0000    0.0000
    0.3436  132.3692    5.2023 -150.7806    0.2131    0.0000    0.0000
    0.3485  133.0449    5.3927 -151.6115    0.2132    0.0000    0.0000
    0.3535  133.7047    5.5889 -152.4354    0.2013    0.0000    0.0000
    0.3584  134.3540    5.7784 -153.2459    0.1908    0.0000    0.0000
    0.3634  134.9945    5.9657 -154.0485    0.1752    0.0000    0.0000
    0.3683  135.6160    6.1700 -154.8524    0.1644    0.0000    0.0000
    0.3733  136.2289    6.3717 -155.6481    0.1590    0.0000    0.0000
    0.3782  136.8453    6.5470 -156.4236    0.1480    0.0000    0.0000
    0.3833  137.3121    6.4930 -157.3408    0.1582    0.0000    0.0000
    0.3885  137.3207    5.9823 -158.7536    0.1824    0.0000    0.0000
    0.3938  138.0787    6.2179 -159.3891    0.2191    0.0000    0.0000
    0.3990  138.8193    6.4409 -160.0112    0.2442    0.0000    0.0000
    0.4042  139.5193    6.6539 -160.6363    0.2476    0.0000    0.0000
    0.4093  140.1645    6.8033 -161.2914    0.2393    0.0000    0.0000
    0.4145  140.7513    6.8804 -161.9866    0.2227    0.0000    0.0000
    0.4197  141.3209    6.9334 -162.6838    0.2012    0.0000    0.0000
    0.4249  141.8851    6.9668 -163.3705    0.1862    0.0000    0.0000
    0.4301  142.4379    6.9975 -164.0555    0.1706    0.0000    0.0000
    0.4354  142.9801    7.0255 -164.7390    0.1400    0.0000    0.0000
    0.4407  143.5722    7.1344 -165.3537    0.0870    0.0000    0.0000
    0.4459  144.2271    7.3242 -165.8848    0.0300    0.0000    0.0000
    0.4511  144.8553    7.5209 -166.4148   -0.0039    0.0000    0.0000
    0.4562  145.4593    7.7135 -166.9453   -0.0183    0.0000    0.0000
    0.4614  146.0298    7.8985 -167.4900   -0.0271    0.0000    0.0000
    0.4665  146.5663    8.0622 -168.0503   -0.0172    0.0000    0.0000
    0.4716  147.0863    8.2039 -168.6098   -0.0154    0.0000    0.0000
    0.4768  147.6007    8.3338 -169.1608   -0.0154    0.0000    0.0000
    0.4819  148.1163    8.4407 -169.6945   -0.0022    0.0000    0.0000
    0.4870  148.6319    8.5319 -170.2158    0.0196    0.0000    0.0000
    0.4921  149.1386    8.6271 -170.7353    0.0451    0.0000    0.0000
    0.4972  149.6359    8.7265 -171.2526    0.0640    0.0000    0.0000
    0.5023  150.1370    8.7982 -171.7502    0.0530    0.0000    0.0000
    0.5074  150.6302    8.8556 -172.2325    0.0142    0.0000    0.0000
    0.5125  151.1203    8.8996 -172.7029   -0.0430    0.0000    0.0000
    0.5176  151.6066    8.9370 -173.1664   -0.1077    0.0000    0.0000
    0.5227  152.0928    8.9504 -173.6171   -0.1648    0.0000    0.0000
    0.5279  152.3118    8.6840 -174.3370   -0.2138    0.0000    0.0000
    0.5331  152.8932    8.7705 -174.6798   -0.2561    0.0000    0.0000
    0.5382  153.4591    8.8559 -175.0222   -0.2946    0.0000    0.0000
    0.5433  154.0177    8.9446 -175.3579   -0.3348    0.0000    0.0000
    0.5484  154.5730    9.0202 -175.6821   -0.3744    0.0000    0.0000
    0.5534  155.1227    9.0867 -175.9970   -0.4136    0.0000    0.0000
    0.5584  155.6603    9.1546 -176.3069   -0.4454    0.0000    0.0000
    0.5634  156.1898    9.2157 -176.6086   -0.4544    0.0000    0.0000
    0.5684  156.7032    9.2861 -176.9114   -0.4492    0.0000    0.0000
    0.5733  157.2037    9.3621 -177.2155   -0.4388    0.0000    0.0000
    0.5782  157.6969    9.4310 -177.5166   -0.4220    0.0000    0.0000
    0.5830  158.1844    9.4751 -177.8088   -0.3830    0.0000    0.0000
    0.5879  158.6516    9.5041 -178.1087   -0.3297    0.0000    0.0000
    0.5927  159.0793    9.5211 -178.4371   -0.2872    0.0000    0.0000
    0.5975  159.4791    9.5237 -178.7845   -0.2546    0.0000    0.0000
    0.6023  159.8653    9.5306 -179.1331   -0.2398    0.0000    0.0000
    0.6072  160.2356    9.5503 -179.4861   -0.2293    0.0000    0.0000
    0.6120  160.5968    9.5758 -179.8419   -0.2248    0.0000    0.0000
    0.6168  160.9560    9.5957 -180.1954   -0.2289    0.0000    0.0000
    0.6217  161.3096    9.6180 -180.5513   -0.2356    0.0000    0.0000
    0.6265  161.6522    9.6520 -180.9142   -0.2421    0.0000    0.0000
    0.6313  161.9881    9.6910 -181.2822   -0.2522    0.0000    0.0000
    0.6362  162.3180    9.7338 -181.6543   -0.2685    0.0000    0.0000
    0.6410  162.6324    9.7860 -182.0299   -0.3014    0.0000    0.0000
    0.6460  162.6763    9.6074 -182.6784   -0.3353    0.0000    0.0000
    0.6511  162.5692    9.2845 -183.4917   -0.3591    0.0000    0.0000
    0.6562  162.7863    9.2452 -183.9769   -0.3527    0.0000    0.0000
    0.6614  163.0368    9.2163 -184.4212   -0.3205    0.0000    0.0000
    0.6666  163.2835    9.1887 -184.8681   -0.2803    0.0000    0.0000
    0.6718  163.5252    9.1665 -185.3196   -0.2400    0.0000    0.0000
    0.6771  163.7662    9.1373 -185.7678   -0.2164    0.0000    0.0000
    0.6824  164.0021    9.1060 -186.2153   -0.1972    0.0000    0.0000
    0.6877  164.2881    9.1396 -186.6097   -0.1701    0.0000    0.0000
    0.6930  164.6202    9.2207 -186.9523   -0.1291    0.0000    0.0000
    0.6983  165.0250    9.3529 -187.2104   -0.0831    0.0000    0.0000
    0.7036  165.4116    9.4901 -187.4752   -0.0463    0.0000    0.0000
    0.7088  165.7759    9.6479 -187.7511   -0.0098    0.0000    0.0000
    0.7140  166.1301    9.8181 -188.0344    0.0315    0.0000    0.0000
    0.7192  166.4774    9.9818 -188.3098    0.0790    0.0000    0.0000
    0.7244  166.8152   10.1294 -188.5685    0.1228    0.0000    0.0000
    0.7295  167.1499   10.2668 -188.8265    0.1469    0.0000    0.0000
    0.7346  167.4725   10.3700 -189.0825    0.1808    0.0000    0.0000
    0.7397  167.7625   10.4352 -189.3652    0.2256    0.0000    0.0000
    0.7449  168.0330   10.4929 -189.6629    0.2750    0.0000    0.0000
    0.7500  168.2929   10.5591 -189.9679    0.3315    0.0000    0.0000
    0.7551  168.5435   10.6357 -190.2820    0.3928    0.0000    0.0000
    0.7602  168.7884   10.7095 -190.5968    0.4464    0.0000    0.0000
    0.7653  169.0307   10.7821 -190.9155    0.4789    0.0000    0.0000
    0.7704  169.3320   10.8872 -191.1595    0.5140    0.0000    0.0000
    0.7755  169.7788   11.1537 -191.2010    0.5248    0.0000    0.0000
    0.7805  169.9658   11.1531 -191.5368    0.5181    0.0000    0.0000
    0.7856  170.2744   11.2792 -191.7270    0.5107    0.0000    0.0000
    0.7906  170.5805   11.4035 -191.9123    0.5073    0.0000    0.0000
    0.7955  170.8820   11.5214 -192.0936    0.5040    0.0000    0.0000
    0.8005  171.1863   11.6370 -192.2802    0.5009    0.0000    0.0000
    0.8054  171.4846   11.7406 -192.4571    0.5068    0.0000    0.0000
    0.8103  171.7905   11.8387 -192.6276    0.5284    0.0000    0.0000
    0.8152  172.1044   11.9342 -192.7933    0.5558    0.0000    0.0000
    0.8200  172.4184   12.0209 -192.9588    0.5888    0.0000    0.0000
    0.8249  172.7448   12.0657 -193.1105    0.6357    0.0000    0.0000
    0.8297  173.0568   12.0809 -193.2633    0.6461    0.0000    0.0000
    0.8345  173.3283   12.0678 -193.4512    0.6602    0.0000    0.0000
    0.8393  173.5803   12.0401 -193.6647    0.6775    0.0000    0.0000
    0.8441  173.8235   12.0129 -193.8818    0.6994    0.0000    0.0000
    0.8489  174.0537   11.9968 -194.1052    0.7225    0.0000    0.0000
    0.8537  174.2689   12.0037 -194.3440    0.7427    0.0000    0.0000
    0.8585  174.4759   12.0262 -194.5967    0.7626    0.0000    0.0000
    0.8633  174.6824   12.0568 -194.8467    0.7825    0.0000    0.0000
    0.8681  174.9014   12.0700 -195.0909    0.7951    0.0000    0.0000
    0.8729  175.1264   12.0659 -195.3292    0.8014    0.0000    0.0000
    0.8778  175.3531   12.0613 -195.5711    0.7963    0.0000    0.0000
    0.8826  175.5707   12.0654 -195.8169    0.7669    0.0000    0.0000
    0.8875  175.7667   12.0548 -196.0786    0.7369    0.0000    0.0000
    0.8923  175.9810   12.0405 -196.3171    0.7052    0.0000    0.0000
    0.8972  176.0536   11.8717 -196.6864    0.6495    0.0000    0.0000
    0.9024  175.5129   11.1250 -197.6838    0.5737    0.0000    0.0000
    0.9077  175.6204   10.9819 -198.0426    0.4884    0.0000    0.0000
    0.9129  175.7748   10.8782 -198.3528    0.4097    0.0000    0.0000
    0.9182  175.9281   10.7629 -198.6583    0.3464    0.0000    0.0000
    0.9236  176.0790   10.6438 -198.9602    0.2955    0.0000    0.0000
    0.9290  176.2300   10.5223 -199.2632    0.2547    0.0000    0.0000
    0.9344  176.3788   10.3978 -199.5661    0.2131    0.0000    0.0000
    0.9398  176.5278   10.2708 -199.8711    0.1691    0.0000    0.0000
    0.9453  176.6878   10.1585 -200.1630    0.1226    0.0000    0.0000
    0.9508  176.9535   10.1578 -200.3494    0.0748    0.0000    0.0000
    0.9562  177.1955   10.1420 -200.5525    0.0267    0.0000    0.0000
    0.9617  177.4158   10.1098 -200.7726   -0.0178    0.0000    0.0000
    0.9672  177.6287   10.0715 -201.0014   -0.0640    0.0000    0.0000
    0.9727  177.8425   10.0220 -201.2261   -0.1077    0.0000    0.0000
    0.9782  178.0534    9.9717 -201.4503   -0.1448    0.0000    0.0000
    0.9837  178.2484    9.9482 -201.6886   -0.1779    0.0000    0.0000
    0.9892  178.4336    9.9407 -201.9356   -0.2069    0.0000    0.0000
    0.9947  178.6146    9.9399 -202.1868   -0.2323    0.0000    0.0000
    1.0000  179.5769   10.6691 -201.6637   -0.2589    0.0000    0.0000
