  4.999999999999993E-003  4.490308590186758E-002
  9.999999999999946E-003  2.875478157243077E-002
  1.500000000000002E-002  2.158859274277708E-002
  2.000000000000005E-002  2.663252092411889E-002
  2.500000000000005E-002  3.890699520275514E-002
  3.000000000000002E-002  4.450569086877377E-002
  3.500000000000002E-002  6.668217211515798E-002
  4.000000000000004E-002  9.615444338525299E-002
  4.499999999999994E-002  0.114758292916205     
  5.000000000000000E-002  0.130607963087886     
  5.500000000000006E-002  0.158851397934921     
  5.999999999999999E-002  0.193987851472798     
  6.500000000000000E-002  0.212553225320961     
  6.999999999999995E-002  0.217049114762233     
  7.500000000000004E-002  0.206426105112456     
  8.000000000000003E-002  0.184780249123580     
  8.499999999999998E-002  0.163950526325271     
  9.000000000000000E-002  0.144064840145812     
  9.500000000000000E-002  0.122019165802076     
  0.100000000000000       6.937676529758906E-002
  0.105000000000000       3.248074604864028E-002
  0.110038080233074       9.709185944474069E-003
  0.115072248894462       1.018478363774969E-002
  0.120091634190766       1.624260264813365E-002
  0.125100518507398       2.433580948054031E-002
  0.130107480576253       4.794666953900632E-002
  0.135087774994230       5.213809229924416E-002
  0.140044981765432       4.142624246112458E-002
  0.149932017828996       2.684426975612793E-002
  0.154875400384736       5.815401249307274E-002
  0.159820412987494       9.383717743886297E-002
  0.164768067604774       0.121732175799877     
  0.169719442109356       0.148324567035999     
  0.174653945034208       0.169886320463439     
  0.179565382493411       0.186112288658095     
  0.184454459730192       0.193876075943690     
  0.189316103662278       0.194051575706164     
  0.194152006388758       0.172096431988800     
  0.198965457133974       0.150122729879033     
  0.203764337178064       0.122928178990325     
  0.208558849607343       9.364251760994334E-002
  0.213352383212557       5.709147586268245E-002
  0.218120621071148       1.577387830514750E-002
  0.222865097008636      -3.403235886417487E-002
  0.227590557984325      -9.794896743618460E-002
  0.232311202608919      -0.160029462983146     
  0.237032965200749      -0.218713562745135     
  0.241756805746817      -0.260214243648361     
  0.246483569773611      -0.268239825991980     
  0.251213878699971      -0.251030424366878     
  0.255947961942266      -0.234278762635015     
  0.260686626907997      -0.208721040526542     
  0.265482302870495      -0.181602831925160     
  0.270344656116834      -0.173237195274128     
  0.275205683268218      -0.137439158889411     
  0.280059509662305      -9.477804976994710E-002
  0.289771788653449      -2.993061241663497E-005
  0.294633535572822       3.725389091253042E-002
  0.299499694010711       8.350890433580978E-002
  0.304370724704967       0.125332795550365     
  0.309247083033870       0.156437846180372     
  0.314129219258523       0.183445711130032     
  0.319017578885375       0.203783058130406     
  0.323912603019182       0.207055482779106     
  0.328814729071493       0.199079080289156     
  0.333737365156410       0.206398094558010     
  0.338662949710256       0.211762809279368     
  0.343591937264583       0.213086779411190     
  0.348524782981168       0.213207443613894     
  0.353461922759398       0.201256376503053     
  0.358403787584689       0.190767555901191     
  0.363350803763946       0.175187528161374     
  0.368303393210096       0.164393287023109     
  0.373261973753852       0.158998329103527     
  0.378226960194062       0.148006023423980     
  0.383261883347819       0.158241298636142     
  0.388532065561529       0.182405051806257     
  0.393768719345352       0.219139273858962     
  0.398973566834384       0.244243984356102     
  0.404152228419818       0.247562311686381     
  0.409321952004998       0.239341244030328     
  0.414502775258343       0.222727503705759     
  0.419699719536295       0.201183528918989     
  0.424914257859976       0.186215056581465     
  0.430147606434674       0.170557565090169     
  0.435401006126560       0.140013734047303     
  0.440651067977642       8.700596385969064E-002
  0.445871264381731       2.999739711180303E-002
  0.451063292870491      -3.850748316260329E-003
  0.456230241566976      -1.827944579200889E-002
  0.461378510865658      -2.709289099655180E-002
  0.466516397027099      -1.719691569989156E-002
  0.471648132135142      -1.538897686698751E-002
  0.476774671020533      -1.538518220723746E-002
  0.481896432955727      -2.154209541347878E-003
  0.487013814466344       1.961746850344157E-002
  0.492127217385548       4.507539977998827E-002
  0.497237050256239       6.404006077753731E-002
  0.502343728737135       5.301263338523604E-002
  0.507447675981404       1.422035787676039E-002
  0.512549323028997      -4.303691941779707E-002
  0.517649109215982      -0.107686422617363     
  0.522748213810829      -0.164797432760021     
  0.527943205462706      -0.213837864783516     
  0.533104746358448      -0.256061579885611     
  0.538234565986752      -0.294587061670473     
  0.543332158305632      -0.334812203601772     
  0.548397881362938      -0.374400317298553     
  0.553432161054488      -0.413576325298701     
  0.558435479007745      -0.445353479168364     
  0.563408385506558      -0.454361503114389     
  0.568351543081990      -0.449195367236480     
  0.573265823452878      -0.438827373012210     
  0.578152543247545      -0.422010386973991     
  0.583014108325420      -0.383009240110560     
  0.587855772619809      -0.329711554479580     
  0.592687516332451      -0.287157615327606     
  0.597517020795934      -0.254645036383639     
  0.602345505371566      -0.239753036959513     
  0.607173711021904      -0.229313574820912     
  0.612002303490803      -0.224818357384308     
  0.616831939037765      -0.228880791989683     
  0.621663335653832      -0.235567544191147     
  0.626497353487528      -0.242086119434657     
  0.631334938943794      -0.252188299741032     
  0.636177006161219      -0.268463782566477     
  0.641024465101961      -0.301445443415874     
  0.645973670001703      -0.335277921575141     
  0.651078011287559      -0.359086320402939     
  0.656223226661914      -0.352710279529887     
  0.661398962919563      -0.320465762397875     
  0.666605601358540      -0.280323932835745     
  0.671843536191932      -0.240049043705994     
  0.677113098793816      -0.216429076344120     
  0.682414611098859      -0.197245940923482     
  0.687728665010703      -0.170079856896957     
  0.693038596238571      -0.129107381157008     
  0.698320360834865      -8.313140678593162E-002
  0.703576032075359      -4.631061378998079E-002
  0.708806843355747      -9.828644167112764E-003
  0.714013448058401       3.146446536959198E-002
  0.719196351068481       7.902303162246357E-002
  0.724356287272624       0.122761236550036     
  0.729494808783948       0.146911445248304     
  0.734616803677189       0.180767154081990     
  0.739733740850132       0.225571583126541     
  0.744850552345644       0.274977272493730     
  0.749968355330895       0.331548937453439     
  0.755088218194278       0.392782707799089     
  0.760211214173377       0.446367176912162     
  0.765338421582197       0.478895201120462     
  0.770449928286973       0.513980655119623     
  0.775483737678927       0.524812032436866     
  0.780539197453209       0.518142547779462     
  0.785568077651486       0.510685791342157     
  0.790570209401916       0.507305422204871     
  0.795546108548806       0.503988114929468     
  0.800496383700404       0.500880962562137     
  0.805421688625462       0.506799456010696     
  0.810320981139040       0.528402256892424     
  0.815192893802859       0.555756137423652     
  0.820038473498323       0.588804966112587     
  0.824859670505622       0.635704327697005     
  0.829661780911456       0.646130988319845     
  0.834457522287948       0.660178179585482     
  0.839254482852022       0.677487837952253     
  0.844054011018683       0.699359806088256     
  0.848856999494643       0.722465775664606     
  0.853664336012176       0.742660275281022     
  0.858476896103477       0.762572349262187     
  0.863293332539284       0.782537633143939     
  0.868113765207940       0.795095085710898     
  0.872938925719736       0.801387354947684     
  0.877769372080830       0.796345786302387     
  0.882605651245256       0.766861510495447     
  0.887454266154869       0.736888444190999     
  0.892310534676951       0.705178459269823     
  0.897227369059489       0.649547442677790     
  0.902421948651364       0.573692027405680     
  0.907665004213948       0.488402283841995     
  0.912940584286408       0.409711500732808     
  0.918249284369610       0.346430596694476     
  0.923591227804549       0.295524496073496     
  0.928966610477064       0.254689619267096     
  0.934375746611371       0.213078274239079     
  0.939818985542537       0.169076816773799     
  0.945291780818777       0.122602464006039     
  0.950758186415337       7.483701209427056E-002
  0.956224266771794       2.672584857229376E-002
  0.961696129925073      -1.784122808905196E-002
  0.967176373449196      -6.400434118271664E-002
  0.972665618960639      -0.107661946195537     
  0.978164171950691      -0.144811769884614     
  0.983672320868163      -0.177870774620086     
  0.989190352180233      -0.206899479744672     
  0.994718550451529      -0.232283931784148     
   1.00000000000000      -0.258887740975940     
