  4.999999999999993E-003 -1.521279271443632E-010
  9.999999999999946E-003 -2.275783597127656E-010
  1.500000000000002E-002 -2.822384370659847E-010
  2.000000000000005E-002 -2.314279772264172E-010
  2.500000000000005E-002 -1.698848048903301E-010
  3.000000000000002E-002 -3.062576485746149E-010
  3.500000000000002E-002 -3.954560252594774E-010
  4.000000000000004E-002 -3.265386681050586E-010
  4.499999999999994E-002 -2.078525600524017E-010
  5.000000000000000E-002 -1.582336359717829E-010
  5.500000000000006E-002 -1.287563229368516E-010
  5.999999999999999E-002 -6.201151236950863E-011
  6.500000000000000E-002 -2.129274960793737E-010
  6.999999999999995E-002 -4.097358754506786E-010
  7.500000000000004E-002 -6.129506644469984E-010
  8.000000000000003E-002 -6.347823386931851E-010
  8.499999999999998E-002 -4.958463115656286E-010
  9.000000000000000E-002 -5.471575725835010E-010
  9.500000000000000E-002 -6.265769201263538E-010
  0.100000000000000      -1.605593812570305E-009
  0.105000000000000      -1.191666189725993E-009
  0.110038080233074      -1.111981902113257E-009
  0.115072248894462      -1.075190503740942E-009
  0.120091634190766      -1.275206777506810E-009
  0.125100518507398      -1.145383315304116E-009
  0.130107480576253      -8.854436721605907E-010
  0.135087774994230      -9.739139059661283E-010
  0.140044981765432      -9.287613522701577E-011
  0.149932017828996      -2.152275051514607E-010
  0.154875400384736      -6.426271674797590E-010
  0.159820412987494      -4.281242382830896E-010
  0.164768067604774      -3.752738777507148E-010
  0.169719442109356      -3.895560993782965E-010
  0.174653945034208      -5.650785084299059E-010
  0.179565382493411      -4.251311764846832E-010
  0.184454459730192      -2.220303230160425E-010
  0.189316103662278      -2.314808540404556E-010
  0.194152006388758      -3.781133557367866E-010
  0.198965457133974       5.417880686309218E-010
  0.203764337178064       7.161035853187058E-010
  0.208558849607343       7.113831159699657E-010
  0.213352383212557       6.999666837259610E-010
  0.218120621071148       4.151947621267027E-010
  0.222865097008636       5.636394817543078E-010
  0.227590557984325       1.579902217940798E-010
  0.232311202608919       2.185035512525246E-010
  0.237032965200749       4.474286683375794E-010
  0.241756805746817       2.921598181160334E-010
  0.246483569773611       9.304821446676214E-011
  0.251213878699971       4.768527617216023E-011
  0.255947961942266       9.929010502673918E-012
  0.260686626907997      -3.258713121567780E-011
  0.265482302870495      -3.962760501963203E-010
  0.270344656116834      -5.982514963420726E-010
  0.275205683268218      -5.365258672895834E-010
  0.280059509662305      -5.922348336184768E-010
  0.289771788653449      -8.554837762630996E-010
  0.294633535572822      -9.049559537288588E-010
  0.299499694010711      -9.497338169239811E-010
  0.304370724704967      -1.539145777940121E-009
  0.309247083033870      -1.137074868040599E-009
  0.314129219258523      -4.727756390821014E-010
  0.319017578885375       3.496202651831481E-010
  0.323912603019182       2.501575266933287E-010
  0.328814729071493       1.280065689002186E-010
  0.333737365156410      -9.118054506984663E-010
  0.338662949710256      -2.550553475089146E-010
  0.343591937264583       8.940607898466624E-011
  0.348524782981168       1.930136264149951E-010
  0.353461922759398       1.125038167515413E-009
  0.358403787584689       1.490474780041495E-009
  0.363350803763946       1.816973018264889E-009
  0.368303393210096       2.079755908823700E-009
  0.373261973753852       2.284945352926115E-009
  0.378226960194062       1.990262653350783E-009
  0.383261883347819       2.094285775910976E-009
  0.388532065561529       1.802846760767807E-009
  0.393768719345352       1.842554226527682E-009
  0.398973566834384       1.998646951051342E-009
  0.404152228419818       2.150656079891178E-009
  0.409321952004998       2.026449841707745E-009
  0.414502775258343       2.128750615781883E-009
  0.419699719536295       2.391238062671164E-009
  0.424914257859976       2.655403150697566E-009
  0.430147606434674       2.777828186140141E-009
  0.435401006126560       2.765856713438097E-009
  0.440651067977642       2.874815585585111E-009
  0.445871264381731       3.039176938557375E-009
  0.451063292870491       3.032348928400097E-009
  0.456230241566976       3.047625071417315E-009
  0.461378510865658       2.276459611039172E-009
  0.466516397027099       2.297496266123744E-009
  0.471648132135142       2.883967759714778E-009
  0.476774671020533       3.029604599191771E-009
  0.481896432955727       3.121332127875576E-009
  0.487013814466344       3.201480794245981E-009
  0.492127217385548       3.278168762221867E-009
  0.497237050256239       3.471867913162896E-009
  0.502343728737135       3.788886104416633E-009
  0.507447675981404       4.125534587728908E-009
  0.512549323028997       4.193319256273753E-009
  0.517649109215982       4.220088655415566E-009
  0.522748213810829       4.234373861322638E-009
  0.527943205462706       4.241143344074771E-009
  0.533104746358448       4.244232783889856E-009
  0.538234565986752       4.245961676474508E-009
  0.543332158305632       4.246706694743807E-009
  0.548397881362938       4.244820431154040E-009
  0.553432161054488       4.421179298219613E-009
  0.558435479007745       3.993663270307480E-009
  0.563408385506558       3.560279466796601E-009
  0.568351543081990       3.390492167909542E-009
  0.573265823452878       1.582245658937609E-009
  0.578152543247545       4.640597666139001E-010
  0.583014108325420       6.326126396061227E-010
  0.587855772619809       2.997796286763333E-010
  0.592687516332451       1.666233231389924E-010
  0.597517020795934       5.962751004062738E-011
  0.602345505371566      -2.070421913913379E-010
  0.607173711021904      -4.422537784876113E-010
  0.612002303490803      -2.777136387521750E-011
  0.616831939037765      -3.626016109592456E-011
  0.621663335653832      -1.869426284883957E-010
  0.626497353487528      -1.757387053658022E-010
  0.631334938943794      -3.336967040468153E-010
  0.636177006161219      -6.674265904393905E-010
  0.641024465101961      -1.498442074421291E-009
  0.645973670001703      -1.840030904531886E-009
  0.651078011287559      -2.065103316795103E-009
  0.656223226661914      -1.299270152799181E-009
  0.661398962919563      -8.343922388576175E-010
  0.666605601358540      -8.951020475933547E-010
  0.671843536191932      -1.314643810701455E-009
  0.677113098793816      -2.058834155604927E-009
  0.682414611098859      -1.994764829760243E-009
  0.687728665010703      -1.985298709428207E-009
  0.693038596238571      -8.176544952220865E-010
  0.698320360834865       2.161743140050021E-009
  0.703576032075359       2.910415119572463E-009
  0.708806843355747       3.088069661316695E-009
  0.714013448058401       3.204067610340644E-009
  0.719196351068481       1.380593161570687E-009
  0.724356287272624       3.841326758902142E-010
  0.729494808783948      -7.207878383042043E-010
  0.734616803677189      -1.133669940145410E-009
  0.739733740850132      -1.337736293294256E-009
  0.744850552345644      -1.526080964708854E-009
  0.749968355330895      -1.722318671681933E-009
  0.755088218194278      -1.604827588153057E-009
  0.760211214173377      -1.541200788324204E-009
  0.765338421582197      -1.836115487208190E-009
  0.770449928286973      -2.314678596349040E-009
  0.775483737678927      -3.220823003857731E-010
  0.780539197453209      -2.430389258734067E-010
  0.785568077651486      -4.936655813025936E-010
  0.790570209401916      -8.977818453104192E-010
  0.795546108548806      -1.605306152896446E-009
  0.800496383700404      -1.972920912862719E-009
  0.805421688625462      -2.296653718758535E-009
  0.810320981139040      -2.636331345229337E-009
  0.815192893802859      -3.034359252751528E-009
  0.820038473498323      -3.535837279855514E-009
  0.824859670505622      -3.968581594904208E-009
  0.829661780911456      -2.384670665378508E-009
  0.834457522287948      -1.260869524344343E-009
  0.839254482852022      -1.540636858976541E-009
  0.844054011018683      -1.937008221375436E-009
  0.848856999494643      -2.334950522708823E-009
  0.853664336012176      -2.732209509304084E-009
  0.858476896103477      -3.130544939722313E-009
  0.863293332539284      -3.527089447175058E-009
  0.868113765207940      -3.916805241033217E-009
  0.872938925719736      -4.298397428215140E-009
  0.877769372080830      -4.106719430296835E-009
  0.882605651245256      -3.812261297753139E-009
  0.887454266154869      -4.059515561039006E-009
  0.892310534676951      -1.516059739969933E-009
  0.897227369059489      -1.184256092301439E-009
  0.902421948651364      -1.136753368768950E-009
  0.907665004213948      -1.000382724214433E-009
  0.912940584286408       5.997758307785262E-010
  0.918249284369610       1.362587383368918E-009
  0.923591227804549       1.768343310004639E-009
  0.928966610477064       2.119680715395589E-009
  0.934375746611371       2.432917099781662E-009
  0.939818985542537       2.708880330715147E-009
  0.945291780818777       2.965862648807160E-009
  0.950758186415337       3.176192322484894E-009
  0.956224266771794       2.010704548638387E-009
  0.961696129925073       1.946702028021719E-009
  0.967176373449196       2.086766286879538E-009
  0.972665618960639       2.077894293961435E-009
  0.978164171950691       2.098182775966961E-009
  0.983672320868163       2.386026935141672E-009
  0.989190352180233       4.519836750205286E-009
  0.994718550451529       5.475752331562944E-009
   1.00000000000000       6.007768149629556E-010
