GAMMA 
S22   
TYPE 3
SYMB 201.
END
0.0 0.0  
  4.999999999999993E-003  -5.17220757781627     
  9.999999999999946E-003  -6.06229171442284     
  1.500000000000002E-002  -5.96090216354814     
  2.000000000000005E-002  -5.89240479530768     
  2.500000000000005E-002  -5.81166496747302     
  3.000000000000002E-002  -5.70784869805808     
  3.500000000000002E-002  -5.61215572207539     
  4.000000000000004E-002  -5.51443052383213     
  4.499999999999994E-002  -5.40172719430195     
  5.000000000000000E-002  -5.27555581047824     
  5.500000000000006E-002  -5.14231879406282     
  5.999999999999999E-002  -4.99120520165379     
  6.500000000000000E-002  -4.82354725433298     
  6.999999999999995E-002  -4.66540440562950     
  7.500000000000004E-002  -4.49627767811751     
  8.000000000000003E-002  -4.31205703737448     
  8.499999999999998E-002  -4.11593512491240     
  9.000000000000000E-002  -3.94353143671867     
  9.500000000000000E-002  -3.77718675482727     
  0.100000000000000       -3.60275650747467     
  0.105000000000000       -3.41976493006497     
  0.110038080233074       -3.34234966482526     
  0.115072248894462       -3.15294094176095     
  0.120091634190766       -2.92718519035196     
  0.125100518507398       -2.71532547473633     
  0.130107480576253       -2.53253552170940     
  0.135087774994230       -2.27981767955738     
  0.140044981765432       -2.04948315744624     
  0.149932017828996       -1.72644659623678     
  0.154875400384736       -1.59927455381081     
  0.159820412987494       -1.46894527939264     
  0.164768067604774       -1.32400048725544     
  0.169719442109356       -1.13519846493408     
  0.174653945034208      -0.868179741507259     
  0.179565382493411      -0.584060428979970     
  0.184454459730192      -0.298872150298020     
  0.189316103662278      -4.859757058094637E-003
  0.194152006388758       0.284005998627141     
  0.198965457133974       0.545246934321793     
  0.203764337178064       0.774079280117225     
  0.208558849607343       0.978226826872017     
  0.213352383212557        1.17901146871545     
  0.218120621071148        1.44020620021911     
  0.222865097008636        1.66820948234732     
  0.227590557984325        1.88308541419747     
  0.232311202608919        2.05792543357517     
  0.237032965200749        2.25844050039635     
  0.241756805746817        2.47148427195417     
  0.246483569773611        2.63887738403763     
  0.251213878699971        2.77947234623304     
  0.255947961942266        2.90801648109881     
  0.260686626907997        3.02442960837401     
  0.265482302870495        3.01584917406160     
  0.270344656116834        2.99947068349646     
  0.275205683268218        3.15388216602732     
  0.280059509662305        3.30292637529509     
  0.289771788653449        3.49957895940675     
  0.294633535572822        3.56883534447541     
  0.299499694010711        3.67875099908125     
  0.304370724704967        3.83390243946914     
  0.309247083033870        4.02050286123206     
  0.314129219258523        4.19700186780713     
  0.319017578885375        4.35657415139504     
  0.323912603019182        4.52491401388627     
  0.328814729071493        4.71278528604450     
  0.333737365156410        4.85317746530248     
  0.338662949710256        5.02737562052045     
  0.343591937264583        5.20227109174373     
  0.348524782981168        5.39272397585549     
  0.353461922759398        5.58886625097654     
  0.358403787584689        5.77837076413050     
  0.363350803763946        5.96565011570869     
  0.368303393210096        6.17000566360043     
  0.373261973753852        6.37173669591296     
  0.378226960194062        6.54703894935169     
  0.383261883347819        6.49297515862357     
  0.388532065561529        5.98227653362997     
  0.393768719345352        6.21790213145023     
  0.398973566834384        6.44091237248693     
  0.404152228419818        6.65385876946980     
  0.409321952004998        6.80327335925679     
  0.414502775258343        6.88041048422005     
  0.419699719536295        6.93343960808753     
  0.424914257859976        6.96678937788883     
  0.430147606434674        6.99747621933920     
  0.435401006126560        7.02546682506556     
  0.440651067977642        7.13444871797147     
  0.445871264381731        7.32417595385381     
  0.451063292870491        7.52087199674043     
  0.456230241566976        7.71349419061191     
  0.461378510865658        7.89854401140792     
  0.466516397027099        8.06221525531470     
  0.471648132135142        8.20392170648817     
  0.476774671020533        8.33382856006978     
  0.481896432955727        8.44066266281064     
  0.487013814466344        8.53188517336067     
  0.492127217385548        8.62710113883619     
  0.497237050256239        8.72652006297596     
  0.502343728737135        8.79824989550000     
  0.507447675981404        8.85559709383913     
  0.512549323028997        8.89958228033632     
  0.517649109215982        8.93695590641148     
  0.522748213810829        8.95038396855438     
  0.527943205462706        8.68401077392898     
  0.533104746358448        8.77053263320906     
  0.538234565986752        8.85585263105560     
  0.543332158305632        8.94462640926135     
  0.548397881362938        9.02019192576517     
  0.553432161054488        9.08669018870178     
  0.558435479007745        9.15455104152591     
  0.563408385506558        9.21568641042690     
  0.568351543081990        9.28607378936793     
  0.573265823452878        9.36211329564563     
  0.578152543247545        9.43101324744998     
  0.583014108325420        9.47514362929545     
  0.587855772619809        9.50409013954804     
  0.592687516332451        9.52114654981042     
  0.597517020795934        9.52372056169683     
  0.602345505371566        9.53060204221280     
  0.607173711021904        9.55028502710626     
  0.612002303490803        9.57579355531418     
  0.616831939037765        9.59570493032284     
  0.621663335653832        9.61798412468404     
  0.626497353487528        9.65201683356326     
  0.631334938943794        9.69103740424421     
  0.636177006161219        9.73375363891126     
  0.641024465101961        9.78602391190104     
  0.645973670001703        9.60744343542157     
  0.651078011287559        9.28451712960775     
  0.656223226661914        9.24523094349032     
  0.661398962919563        9.21626892363234     
  0.666605601358540        9.18874554272398     
  0.671843536191932        9.16648923298272     
  0.677113098793816        9.13729454643325     
  0.682414611098859        9.10598806062175     
  0.687728665010703        9.13960502542838     
  0.693038596238571        9.22069927151999     
  0.698320360834865        9.35288394335591     
  0.703576032075359        9.49008504302306     
  0.708806843355747        9.64786657087754     
  0.714013448058401        9.81808338091114     
  0.719196351068481        9.98176634356914     
  0.724356287272624        10.1294026958764     
  0.729494808783948        10.2668412994618     
  0.734616803677189        10.3700382793365     
  0.739733740850132        10.4352391671597     
  0.744850552345644        10.4928852078964     
  0.749968355330895        10.5591479285204     
  0.755088218194278        10.6357435774830     
  0.760211214173377        10.7094792600724     
  0.765338421582197        10.7820954836909     
  0.770449928286973        10.8871652411034     
  0.775483737678927        11.1536548594671     
  0.780539197453209        11.1531410454152     
  0.785568077651486        11.2792193674685     
  0.790570209401916        11.4034972554966     
  0.795546108548806        11.5214451265329     
  0.800496383700404        11.6370160392476     
  0.805421688625462        11.7406436922189     
  0.810320981139040        11.8386979970972     
  0.815192893802859        11.9342213128991     
  0.820038473498323        12.0208675166383     
  0.824859670505622        12.0656643692900     
  0.829661780911456        12.0808519073764     
  0.834457522287948        12.0678026971662     
  0.839254482852022        12.0400852021354     
  0.844054011018683        12.0129071357654     
  0.848856999494643        11.9967528016905     
  0.853664336012176        12.0037182693315     
  0.858476896103477        12.0262118504400     
  0.863293332539284        12.0568241054183     
  0.868113765207940        12.0699864106153     
  0.872938925719736        12.0658650929796     
  0.877769372080830        12.0613008603148     
  0.882605651245256        12.0653512486386     
  0.887454266154869        12.0547613997303     
  0.892310534676951        12.0405473491383     
  0.897227369059489        11.8716917720823     
  0.902421948651364        11.1249689522320     
  0.907665004213948        10.9818785572363     
  0.912940584286408        10.8781884628089     
  0.918249284369610        10.7628873722078     
  0.923591227804549        10.6438471952779     
  0.928966610477064        10.5223212813249     
  0.934375746611371        10.3978241284573     
  0.939818985542537        10.2708322107436     
  0.945291780818777        10.1585109949377     
  0.950758186415337        10.1578167665562     
  0.956224266771794        10.1420102802155     
  0.961696129925073        10.1097959196072     
  0.967176373449196        10.0714611203657     
  0.972665618960639        10.0219798957718     
  0.978164171950691        9.97167172449863     
  0.983672320868163        9.94815285119757     
  0.989190352180233        9.94065081303192     
  0.994718550451529        9.93990345528570     
   1.00000000000000        10.6691051582226     
