  4.999999999999993E-003   59.8015031728697     
  9.999999999999946E-003   67.1355298800857     
  1.500000000000002E-002   74.1222620597941     
  2.000000000000005E-002   80.8680411959570     
  2.500000000000005E-002   87.3615548109800     
  3.000000000000002E-002   93.6184253103614     
  3.500000000000002E-002   99.6612038005738     
  4.000000000000004E-002   105.475497555797     
  4.499999999999994E-002   111.099171418819     
  5.000000000000000E-002   116.544894833576     
  5.500000000000006E-002   121.821058799988     
  5.999999999999999E-002   126.935115669890     
  6.500000000000000E-002   131.898470258162     
  6.999999999999995E-002   136.716665100079     
  7.500000000000004E-002   141.398684036637     
  8.000000000000003E-002   145.951752149544     
  8.499999999999998E-002   150.378420524243     
  9.000000000000000E-002   154.681727743395     
  9.500000000000000E-002   158.873758314813     
  0.100000000000000        162.950962633183     
  0.105000000000000        166.916159033300     
  0.110038080233074        170.803131320125     
  0.115072248894462        174.581744958619     
  0.120091634190766        178.254325961607     
  0.125100518507398        181.830196646843     
  0.130107480576253        185.320106784115     
  0.135087774994230        188.706827625219     
  0.140044981765432        191.999919410506     
  0.149932017828996        198.358232623975     
  0.154875400384736        201.430383625071     
  0.159820412987494        204.439037290531     
  0.164768067604774        207.379984455450     
  0.169719442109356        210.253773057523     
  0.174653945034208        213.047686599862     
  0.179565382493411        215.766095220312     
  0.184454459730192        218.417458003021     
  0.189316103662278        220.999401069442     
  0.194152006388758        223.517045919167     
  0.198965457133974        225.971364560599     
  0.203764337178064        228.370879747876     
  0.208558849607343        230.724600609551     
  0.213352383212557        233.037926710411     
  0.218120621071148        235.302372132082     
  0.222865097008636        237.517105420649     
  0.227590557984325        239.685385745471     
  0.232311202608919        241.817321062166     
  0.237032965200749        243.908926885318     
  0.241756805746817        245.968870223922     
  0.246483569773611        247.990113681505     
  0.251213878699971        249.982001724061     
  0.255947961942266        251.951228383917     
  0.260686626907997        253.891901433728     
  0.265482302870495        255.823758156197     
  0.270344656116834        257.737976722473     
  0.275205683268218        259.612633525320     
  0.280059509662305        261.453564223060     
  0.289771788653449        265.058475207084     
  0.294633535572822        266.823950080234     
  0.299499694010711        268.561308713836     
  0.304370724704967        270.274917720336     
  0.309247083033870        271.969395335883     
  0.314129219258523        273.639021350169     
  0.319017578885375        275.281646949835     
  0.323912603019182        276.898986929624     
  0.328814729071493        278.497629507959     
  0.333737365156410        280.072583082720     
  0.338662949710256        281.622521901305     
  0.343591937264583        283.149785876301     
  0.348524782981168        284.656387538296     
  0.353461922759398        286.140098019282     
  0.358403787584689        287.599889446925     
  0.363350803763946        289.042970986375     
  0.368303393210096        290.468378068135     
  0.373261973753852        291.877007902128     
  0.378226960194062        293.268872825007     
  0.383261883347819        294.652891035909     
  0.388532065561529        296.074340554409     
  0.393768719345352        297.467714798087     
  0.398973566834384        298.830491447932     
  0.404152228419818        300.155646289451     
  0.409321952004998        301.455949784789     
  0.414502775258343        302.737906304657     
  0.419699719536295        304.004732453273     
  0.424914257859976        305.255576960299     
  0.430147606434674        306.493345577577     
  0.435401006126560        307.719098257869     
  0.440651067977642        308.925871402811     
  0.445871264381731        310.111874657117     
  0.451063292870491        311.270172531710     
  0.456230241566976        312.404641145160     
  0.461378510865658        313.519821107278     
  0.466516397027099        314.616566203808     
  0.471648132135142        315.696153932284     
  0.476774671020533        316.761485110445     
  0.481896432955727        317.810851380397     
  0.487013814466344        318.847758474845     
  0.492127217385548        319.873892128023     
  0.497237050256239        320.888578476763     
  0.502343728737135        321.887245332136     
  0.507447675981404        322.862778644747     
  0.512549323028997        323.823118875135     
  0.517649109215982        324.773057834424     
  0.522748213810829        325.709860055456     
  0.527943205462706        326.648773616436     
  0.533104746358448        327.572955186217     
  0.538234565986752        328.481292837191     
  0.543332158305632        329.375669047400     
  0.548397881362938        330.255134057693     
  0.553432161054488        331.119687418975     
  0.558435479007745        331.967240137714     
  0.563408385506558        332.798408811635     
  0.568351543081990        333.614620233323     
  0.573265823452878        334.419199299224     
  0.578152543247545        335.213505407665     
  0.583014108325420        335.993154983658     
  0.587855772619809        336.760260807155     
  0.592687516332451        337.516451885165     
  0.597517020795934        338.263614642896     
  0.602345505371566        338.998453195233     
  0.607173711021904        339.721630154147     
  0.612002303490803        340.438737309301     
  0.616831939037765        341.151435052675     
  0.621663335653832        341.860903902935     
  0.626497353487528        342.566420303021     
  0.631334938943794        343.270286288314     
  0.636177006161219        343.972286381529     
  0.641024465101961        344.662250412236     
  0.645973670001703        345.354742769888     
  0.651078011287559        346.060926733283     
  0.656223226661914        346.763178544731     
  0.661398962919563        347.458039903703     
  0.666605601358540        348.151656602949     
  0.671843536191932        348.844811400869     
  0.677113098793816        349.533982936648     
  0.682414611098859        350.217424205013     
  0.687728665010703        350.897797605378     
  0.693038596238571        351.572508494801     
  0.698320360834865        352.235415520425     
  0.703576032075359        352.886802192285     
  0.708806843355747        353.527013163338     
  0.714013448058401        354.164517555578     
  0.719196351068481        354.787178394774     
  0.724356287272624        355.383624692533     
  0.729494808783948        355.976383735948     
  0.734616803677189        356.555018478030     
  0.739733740850132        357.127727889778     
  0.744850552345644        357.695930247991     
  0.749968355330895        358.260803978437     
  0.755088218194278        358.825498756801     
  0.760211214173377        359.385228188414     
  0.765338421582197        359.946210643786     
  0.770449928286973        360.491548238242     
  0.775483737678927        360.979769869370     
  0.780539197453209        361.502582367723     
  0.785568077651486        362.001477028025     
  0.790570209401916        362.492760272382     
  0.795546108548806        362.975672297866     
  0.800496383700404        363.466503689025     
  0.805421688625462        363.941664492701     
  0.810320981139040        364.418132386006     
  0.815192893802859        364.897736016235     
  0.820038473498323        365.377192020780     
  0.824859670505622        365.855307852396     
  0.829661780911456        366.320077934849     
  0.834457522287948        366.779533282867     
  0.839254482852022        367.244968159580     
  0.844054011018683        367.705259223058     
  0.848856999494643        368.158922243004     
  0.853664336012176        368.612902970683     
  0.858476896103477        369.072591039165     
  0.863293332539284        369.529045374344     
  0.868113765207940        369.992283220833     
  0.872938925719736        370.455530592204     
  0.877769372080830        370.924280614424     
  0.882605651245256        371.387534667705     
  0.887454266154869        371.845272279764     
  0.892310534676951        372.298125052180     
  0.897227369059489        372.739960169493     
  0.902421948651364        373.196728422463     
  0.907665004213948        373.662970469123     
  0.912940584286408        374.127618454711     
  0.918249284369610        374.586378939695     
  0.923591227804549        375.039178216896     
  0.928966610477064        375.493192153302     
  0.934375746611371        375.944850973926     
  0.939818985542537        376.398882270861     
  0.945291780818777        376.850800905149     
  0.950758186415337        377.302940564367     
  0.956224266771794        377.748058394194     
  0.961696129925073        378.188388189159     
  0.967176373449196        378.630106191408     
  0.972665618960639        379.068646572715     
  0.978164171950691        379.503697533339     
  0.983672320868163        379.936961457932     
  0.989190352180233        380.369118991835     
  0.994718550451529        380.801452471109     
   1.00000000000000        381.240638206271     
